20.80,21.33,5.94,366,42.00,68.00,plastic
20.80,21.21,5.85,208,39.00,76.00,plastic
16.30,13.59,5.85,461,45.00,82.00,plastic
14.80,13.64,5.72,418,53.00,97.00,plastic
22.60,19.21,5.85,495,54.00,116.00,plastic
22.00,18.96,5.80,501,55.00,138.00,plastic
34.10,45.83,7.65,597,39.00,318.00,plastic
-39.10,45.95,7.56,600,40.00,319.00,plastic
-314.70,46.33,7.56,604,42.00,320.00,plastic
-45.20,45.84,7.56,601,41.00,319.00,plastic
23.10,28.55,5.80,396,49.00,360.00,plastic
24.60,45.70,7.69,582,42.00,633.00,plastic
23.40,47.71,7.56,564,41.00,636.00,plastic
31.00,39.50,8.01,597,48.00,626.00,plastic
30.90,40.27,7.97,574,43.00,627.00,plastic


15.90,216.82,6.21,485,12.00,63.00,glas15.90,218.77,6.21,624,10.00,62.00,glas
15.90,217.88,6.26,644,10.00,62.00,glas26.10,402.69,7.15,685,11.00,40.00,glas
26.00,405.39,7.15,689,9.00,42.00,glas25.90,406.92,7.20,690,11.00,41.00,glas